- 7, 1, 7, 2 (*skull*: 7)
- 6, 5, 7, 5 (*skull*: 7)
- 7, 1, 5, 3 (*skull*: 7)
- 6, 7, 4, 5 (*skull*: 6)
- 2, 1, 5, 4 (*skull*: 5)
- 7, 1, 4, 5 (*skull*: 5)
- 3, 1, 3, 2 (*skull*: 1)
- 6, 6, 4, 5 (*skull*: 5)
- 1, 2, 6, 5 (*skull*: 6)
- 7, 4, 7, 6 (*skull*: 6)
- 2, 1, 1, 7 (*skull*: 2)
- 3, 6, 7, 3 (*skull*: 3)
- 5, 6, 4, 2 (*skull*: 4)
- 6, 5, 2, 3 (*skull*: 3)
- 3, 4, 1, 2 (*skull*: 1)
- 5, 6, 3, 3 (*skull*: 3)
- 1, 4, 2, 3 (*skull*: 4)
- 7, 2, 4, 6 (*skull*: 2)
- 4, 6, 3, 3 (*skull*: 4)
- 2, 1, 2, 4 (*skull*: 2)
- 7, 5, 4, 1 (*skull*: 1)
